2619
2695
2553
2446
2505
2456
2445
2547
2835
2403
2619
2436
2422
2404
2579
2455
2461
2602
2503
2484
2482
2482
2544
2595
2955
2464
2687
2503
2406
2429
2590
2437
2459
2739
2404
2762
2594
2951
3011
2671
2446
2901
2829
2472
2490
2537
2724
2428
2553
2504
2446
2612
2420
2464
2470
2616
2601
2413
2604
2710
2556
2750
2931
2777
2861
2426
2565
2668
2553
2492
2620
2451
2645
2641
2861
2658
2569
2683
2446
2585
2777
2402
2445
2548
2454
2433
2648
2743
2483
2902
2419
2618
2680
2412
2454
2492
2411
2694
2686
2405
2576
2518
2684
2539
2432
2474
2495
2909
2613
2514
2402
2421
2570
2454
2445
2418
2422
2671
2651
2559
2672
2535
2522
2729
2709
2501
2550
2621
2680
2590
2678
2780
2531
2776
2781
2574
2416
2560
2408
2715
2564
2780
2818
2533
2492
2456
2811
2471
2453
2516
2767
2416
2543
2425
2423
3011
2547
2477
2451
2438
2516
2460
2868
2636
2877
2717
2462
2595
2411
2473
3011
2424
2871
2533
2402
2890
2489
2426
2495
2844
2606
2743
2403
2813
2662
2556
2802
2414
2463
2500
2442
2491
2596
2480
2614
2417
2717
2567
2486
2462
2456
2627
2506
2488
2458
3011
2646
2909
2522
2402
2403
2861
2539
2742
2441
2582
2402
2403
2476
2434
2416
2430
2455
2449
2441
2839
2454
2471
2619
2741
2780
2824
2748
2431
2531
2407
2822
2446
2499
2987
2522
2561
2481
2923
2626
2593
2589
2500
2457
2471
2668
2616
2572
2440
2679
2527
2564
2592
2644
2455
2547
2418
2607
2531
2527
2482
2456
2404
2626
2575
2456
2473
2448
2415
2498
2596
2727
2956
2490
2439
2410
2552
2595
2677
2416
2447
2588
2547
2841
2656
2697
2442
2614
2429
2518
2595
2534
2462
2705
2692
2681
2499
2527
2470
2528
2767
2661
2571
2607
2707
2421
2478
2686
2533
2663
2771
2594
2575
2474
2436
2943
2754
2443
2811
2518
2551
2866
2605
2901
2427
2440
2421
2610
2504
2432
2479
2561
2431
2794
2632
2934
2772
2432
2497
2428
2554
2867
2427
2564
2493
2456
2405
2830
2469
2467
2468
2658
2466
2510
2527
2832
2536
2782
2424
2736
2456
2553
2584
2492
2454
2912
2811
2425
2567
2581
2732
2459
2695
2915
2703
2817
2490
2528
2430
2553
2409
2466
2418
2623
2512
2547
2801
2426
2707
2568
2421
2568
2890
2420
2416
2560
2678
2485
2717
2481
2862
2487
2700
2483
2462
2545
2547
2447
2474
2411
2725
2614
2422
2464
2430
2435
2789
2473
2425
2424
2537
2599
2499
2684
2442
2476
2604
2534
2759
2668
2850
2631
2575
2440
2416
2927
2496
2427
2658
2624
2480
2647
2741
2532
2470
2518
2716
2421
2506
3006
2421
2768
2720
2522
2458
2451
2839
2514
2442
2526
2602
2540
2482
2771
2868
2482
2494
2780
2491
2979
2598
2414
2548
2548
2799
2515
2522
2405
2596
2476
2481
2656
2610
2871
2657
2957
2561
2519
3006
3011
2558
2716
2669
2585
2548
2424
2625
2508
2483
2679
2719
2582
2417
2832
2507
2667
2736
2947
2549
2633
2649
2743
2921
2606
2511
2540
2740
2738
2612
2441
2566
2613
2411
2564
2425
2457
2423
2453
2753
2601
2618
2507
2548
2555
2436
2704
2478
2494
2485
2524
2427
2749
2402
2569
2738
2918
2687
2873
2410
3011
2528
2926
2651
2606
2532
2426
2568
2466
2419
2435
2569
2921
2490
2409
2428
2417
2829
2408
2491
2501
2662
2760
2461
2559
2542
2427
2921
2410
2451
2555
2547
2524
2872
2638
2544
2522
2416
2660
2963
2517
2469
2467
2537
2570
2763
2610
2514
2660
2611
2781
2403
2577
2418
2512
2478
2524
2440
2784
2441
2630
2636
2501
2876
2664
2750
2886
2823
2433
2765
2804
2494
2831
2757
2726
2514
2434
2514
2881
2843
2930
2758
2488
2564
2472
2447
2783
2424
2557
2764
2415
2401
2561
2445
2427
2428
2506
2501
2535
2545
2477
2703
2573
2876
2871
2794
2642
2530
2574
2479
2612
2439
2449
2488
2404
2770
2427
2525
2710
2923
2536
2428
2435
2563
2597
2587
2521
2448
2410
2403
2629
2581
2810
2633
2610
2441
2481
2827
2794
2672
2553
2564
2434
2582
2628
2745
2571
2568
2671
2788
2485
2708
2415
2543
2846
2748
2420
2722
2735
2718
2523
2405
2925
2773
2533
2698
2753
2750
2511
2910
2592
2529
3003
2666
2597
2484
2508
2705
2486
2626
2787
2444
2411
2671
2736
2500
2797
2536
2511
2449
2742
2805
2493
2468
2574
2744
2699
2566
2910
2466
2512
2408
2477
2987
2844
2448
2923
2612
2676
2661
2405
2618
2488
2987
2524
2913
2906
2530
2909
2772
2479
2965
2444
2407
2416
2407
2549
2576
2866
2436
2409
2843
2475
2728
2963
2824
2813
2547
2941
2702
2539
2463
2434
2538
2532
2546
2544
2536
2428
2523
2506
2408
2407
2495
2615
2519
2451
2659
2435
2505
2419
2507
2464
2906
2468
2579
2891
2553
2448
2757
2717
2426
2437
2768
2803
2787
2629
2424
2600
2467
2426
2591
2750
2482
2852
2467
2556
2453
2468
2748
2450
2718
2561
2928
2993
2450
2643
2467
2605
2463
2410
2697
2957
2506
2422
2569
2560
2885
2453
2821
2939
2423
2606
2683
2643
2426
2468
2802
2788
2600
2901
2873
2544
2995
2520
2665
2683
2794
2871
2452
2554
2732
2446
2896
2968
2573
2455
2457
2626
2407
2586
2721
2683
2845
2602
2612
2926
2502
2735
2425
2568
2691
2461
2451
2582
2952
2599
2604
2524
2792
2580
2643
2435
2554
2654
2416
3011
2529
2621
2483
2809
2473
2521
2502
2446
2618
2453
2598
2695
2981
2538
2987
2460
2825
2535
2401
2420
2609
2525
2405
2417
2654
2726
2744
2873
2454
2539
2404
2779
2516
2600
2606
2579
2815
2531
2691
2507
2592
2453
2522
2451
2500
2736
2426
2405
2874
2479
2401
2419
2420
2432
2577
2440
2983
2652
3011
2454
2530
2971
2409
2503
2862
2424
2496
2430
2409
2852
2402
2824
2789
2533
2625
2971
2609
2571
2496
2747
2569
2701
2446
2506
2443
2478
2649
2497
2460
2727
2546
2937
2476
2548
2577
2867
2705
2468
2849
2416
2552
2414
2452
2577
2437
2915
2467
2601
2855
2460
2880
2580
2544
2468
2604
2464
2585
2607
2562
2433
2485
2434
2740
2846
2489
2886
2870
2552
2708
2999
2710
2481
2715
2623
2499
2462
2503
2515
2738
2502
2419
2731
2742
2471
2411
2571
2413
2682
2548
2576
2917
2686
2442
2563
2601
2635
2697
2923
2873
2816
2582
2742
2568
2514
2415
2420
2472
2822
2435
2438
2429
2497
2482
2442
2413
2425
2669
2487
2456
2574
2627
2733
2406
2793
2958
2605
2626
2561
2415
2609
2539
2931
2447
2642
2914
2624
2658
2724
2519
2473
2438
2551
2474
2556
2456
2614
2523
2434
2693
2819
2558
2422
2466
2494
2441
2427
2559
2568
2474
2704
2638
2833
2916
2479
2414
2454
2906
2708
2433
2470
2401
2794
2637
2498
2435
2543
2473
2537
2573
2548
2476
2556
2493
2478
2412
2571
2828
2657
2593
2699
2659
2782
2593
2579
2727
2558
2440
2478
2513
2771
2470
2402
2584
2544
2481
2527
2529
2435
2877
2515
2414
2693
2736
2738
2750
2541
2410
2405
2470
2403
2580
2420
2516
2821
2405
2826
2472
2764
2664
2418
2446
2705
2436
2717
2532
2722
2531
2440
2709
2405
2623
2837
2484
2804
2408
2818
2491
2527
2453
2976
2411
2531
2453
2463
2496
2406
2554
2452
2632
2891
2475
2555
2428
2893
2816
2660
2459
2491
2503
2557
2688
2656
2728
2412
2697
2714
2416
2516
2480
2694
2927
2603
2761
2867
2566
2603
2564
2651
2409
2697
2964
2939
2644
2932
2562
2555
2846
2775
2711
2610
2463
2951
2923
2959
2874
2470
2485
2684
2480
2465
2480
2788
2467
2450
2424
2512
2462
2449
2603
2473
2574
2462
2465
2896
2453
2548
2461
2541
2741
2473
2538
2499
2471
2603
2495
2429
2466
2504
2672
2574
2583
2426
2564
2471
2437
2631
3011
2586
2430
2508
2414
2623
2718
2583
2421
2409
2504
2518
2689
2840
2422
2402
2496
2473
2986
2526
2477
2420
3011
2425
2460
2514
2446
2787
2699
2536
2589
2658
2963
2416
2517
2427
2629
2868
2716
2408
2444
2987
2734
2644
2731
2630
2601
2917
2646
2658
2821
2425
2557
2421
2816
2921
2546
2527
2800
2475
2496
2532
2835
2433
2536
2426
2573
2923
2410
2482
2418
2479
2782
2436
2438
2672
2524
2747
2496
2487
2780
2468
2450
2824
2459
2670
2405
2532
2465
2479
2528
2907
2583
2938
2401
2518
2486
2820
2531
2520
2504
2563
2743
2457
2517
2541
2605
2425
2605
2764
2425
2462
2859
2931
2726
2780
2848
2662
2488
2563
2612
2494
2811
2696
2862
2763
2540
2568
2493
2533
2753
2891
2403
2779
2439
2415
2597
2551
2782
2479
2900
2595
2582
2432
2439
2518
2410
2568
2515
2521
2994
2573
2612
2777
2410
2424
2432
2449
2402
2500
2550
2658
2781
2811
2491
2762
2738
2444
2536
2687
2526
2624
2605
2971
2407
2608
2651
2678
2529
2633
2782
2694
2652
2502
2939
2559
2669
2813
2407
2632
2414
2768
2841
2565
2701
2481
2466
2429
2527
2686
2482
2524
2478
2445
2730
2461
2961
2489
2548
2867
2783
2729
2543
3011
2500
2459
2525
2675
2702
2544
3006
2996
2475
2732
2467
2508
2496
2448
2425
2987
2547
2513
2433
2641
2835
2526
2586
2750
2892
2663
2556
2535
2752
2563
2494
2516
2574
2694
2758
2874
2685
2516
2727
2542
2723
2541
2918
2657
3005
2437
2839
2557
2517
2436
2573
2614
2986
2594
2713
2586
2510
2486
2633
2770
2464
2450
2447
2406
2600
2649
2870
2413
2455
2746
2778
2618
2639
2507
2489
2537
2801
2438
2651
2616
2829
2608
2484
2467
2854
2544
2514
2770
2452
2639
2675
2855
2644
2639
2486
2451
2893
2589
2425
2807
2995
2999
2769
2403
2531
2629
2717
2660
2602
2404
2404
2545
2752
2523
2418
2680
2402
2434
2443
2478
2505
2697
2528
2951
2708
2716
2643
3011
2519
2747
2704
2951
2493
2633
2649
2461
2606
2577
2635
2440
2676
2496
2551
2706
2401
2588
2497
2418
2509
2417
2641
2886
2574
2505
2592
2570
2450
2427
2515
2493
2743
2402
2519
2764
2682
2688
2423
2815
2467
2621
2883
2511
2487
2529
2883
2673
2684
2480
2516
2793
2687
2428
2453
2807
2618
2519
2797
2643
2561
2408
2482
2475
2670
2462
2897
2435
2525
2428
2609
2575
2537
2596
2420
2594
2681
2576
2660
2457
2558
2560
2596
3011
2521
2886
2406
2511
2643
2468
3003
2486
2966
2445
2521
2827
2579
2478
2449
2869
2544
3011
2405
2738
2660
2442
2592
2660
2892
2411
2415
2728
2557
2445
2609
2503
2490
2597
2558
2754
2462
2408
2675
2618
2668
2525
2746
2459
2799
2639
2594
2467
2430
2445
2850
2405
2502
2813
2408
2558
2673
2720
2584
2636
2787
2593
2995
2643
2441
2804
2417
2420
2526
2854
2588
2580
2411
2468
2660
2835
2487
2452
2883
2558
2420
2427
2573
2419
2611
2433
2468
2946
2749
2545
2830
2406
2568
2439
2402
2666
2611
2939
2788
2492
2735
2679
2427
2553
2637
2620
2729
2775
2413
2610
2687
2401
2815
2809
2946
2451
2625
2590
2419
3011
2898
2507
2673
2485
2497
2690
2616
2686
2621
2493
2950
2616
2671
2912
2536
2544
2405
2542
2640
2402
2729
2401
2465
2780
2876
2642
2577
2536
2496
2710
2424
2756
2506
2406
2403
2525
2540
2554
2514
2622
2618
2486
2761
2588
2542
2447
2462
2493
2849
2458
2580
2407
2889
2548
2715
2473
2403
2951
2533
2632
2500
2439
2565
2892
2753
2833
2652
2532
2452
2745
2594
2449
2424
2426
2683
2747
2849
2657
2537
2514
2838
2630
2649
2855
2594
2450
2818
2467
2452
2434
2732
2551
2447
2606
2607
2554
2446
2848
2505
2586
2644
2551
2672
2917
2408
2480
2654
2499
2591
2605
2480
2462
2979
2866
2497
2746
2446
2409
2891
2652
2580
2413
2781
2414
2805
2579
2683
2495
2408
2525
2507
2433
2798
2669
2490
2534
2740
2687
2511
2544
2476
2542
2416
2454
2687
2455
2840
2614
2486
2419
2466
2795
2575
2600
2560
2448
2702
2528
2634
2641
2514
2434
2474
2568
2507
2441
2475
2760
2904
2687
2402
2816
2447
2562
2447
2763
2418
2529
2750
2552
2469
2556
2638
2428
2455
2679
2409
2705
2534
2773
2641
2600
2457
2676
2454
2453
2504
2489
2534
2588
2530
2626
2477
2405
2646
2455
2527
2701
2660
2465
2405
2460
2456
2762
2740
2465
2475
2404
2730
2936
2773
2476
2814
2496
2900
2455
2478
2470
2535
2576
2516
2560
2665
2443
2698
2518
2522
2512
2752
2511
2584
2435
2519
2494
2689
2855
2580
2695
2668
2663
2570
3011
2819
2628
2410
2520
2412
2526
2735
2641
2471
2511
2575
2677
2563
2803
2419
2648
2519
2697
2441
3011
2592
2466
2685
2459
2538
2709
2437
2515
2494
2439
2411
2671
2521
2674
2488
2560
2742
2670
2602
2405
2791
2639
2484
2499
2534
2491
2518
2628
2655
2418
2526
2525
2549
2457
2605
2416
2891
2549
2452
2439
2503
2438
2421
2821
2725
2700
2491
2665
2408
2409
2670
2467
2531
2503
2418
2769
2739
2813
2597
2402
2416
2865
2601
2470
2407
2570
2557
2802
2871
2460
2873
2836
2632
2409
2713
2460
2450
2417
2791
2821
2979
2669
2755
2439
2750
2486
2423
2465
2813
2485
2627
2489
2602
2638
2409
2727
2669
2605
2488
2429
2528
2467
2559
2404
2814
2537
2438
2456
2754
2749
2588
2650
2788
2664
2634
2492
2497
2626
2488
2703
2648
2441
2628
2570
2401
2659
2669
2765
2422
2839
2776
2474
2433
2670
2816
2577
2549
2554
2757
2412
2804
2599
2543
2870
2423
2523
2777
2407
2566
2414
2707
2627
2751
2402
2479
2459
2744
3006
2559
2557
2554
2433
2809
2817
2785
2427
2836
2741
2405
2567
2478
2540
2455
2753
2473
2616
2626
2543
2866
2622
2480
2588
2682
2579
2464
2575
2931
2451
2946
2636
2586
2958
2424
2401
2895
2647
2531
2881
2634
2623
2603
2484
2514
2490
2407
2659
2525
2424
2536
2810
2577
2568
2746
2412
2905
2550
2945
2540
2569
2543
2961
2707
2413
2402
2743
2639
2408
2871
2429
2567
2417
2787
2410
2423
2453
2407
2463
2447
2408
2641
2487
2503
2438
2425
2548
2720
2935
2728
2604
2434
2867
2635
2709
2418
2426
2630
2542
2687
2464
2821
2418
2868
2415
2859
2578
2512
2403
2668
2550
2577
2504
2475
2580
2683
2636
2452
2623
2559
2645
2491
2443
2815
2462
2723
2750
2421
2416
2404
2728
2492
2433
2488
2560
2430
2873
2723
2419
2853
2441
2856
2803
2851
2521
2483
2956
2441
2573
2514
2534
3011
2457
2439
2438
2593
2776
2993
2499
2433
2594
2730
2456
2688
2426
2459
2547
2642
2709
2443
2501
2476
2569
2658
3011
2413
2722
2911
2646
2433
2950
2995
2472
2408
2678
2523
2456
2680
2706
2626
2410
2785
2459
2463
2592
3011
2456
2683
2600
2601
2644
2987
2831
2604
2492
2440
2619
2577
2708
2426
2777
2404
2466
2609
2665
2561
2526
2789
2730
2684
2417
2724
2552
2422
2769
2693
2621
2428
2473
2490
2583
2886
2422
2703
2854
2583
2850
2442
2602
2492
2629
2462
2818
2408
2550
2465
2666
2797
2585
2793
2591
2802
2418
2539
2506
2555
2522
2725
2605
2535
2429
2749
2813
3003
2854
2489
2472
2420
2848
2793
2547
2607
2590
2581
2640
2524
2803
2401
2976
2509
3011
2743
2431
2465
2635
2495
2440
2412
2911
2458
2513
2584
2456
2418
2739
2706
2448
2551
2478
2597
2613
2565
2461
2516
2815
2451
2612
2628
2517
2725
2474
2639
2545
2527
2779
2637
2596
2679
2430
2821
2610
2495
2731
2710
2730
2408
2411
2660
2704
2408
2621
2454
2607
2599
2675
2411
2937
2604
2634
2514
2617
2577
2431
2584
2461
2635
2846
2434
2519
2694
2757
2402
2460
2555
2880
2634
2891
2636
2422
2708
2444
2740
2442
2534
2525
2533
2403
2420
2697
2606
2716
2514
2441
2501
2755
2861
2642
2786
2708
2685
2541
2923
2570
2574
2570
2457
2673
2546
2822
2979
2481
3011
2613
2793
2938
2785
2407
2846
2760
2888
3011
2639
2423
2515
2441
2963
2497
2457
2646
2598
2667
2559
2422
2487
2816
2425
2601
2512
2494
2549
2644
2402
2449
2584
2503
2695
2508
2425
2538
2454
2819
2582
2532
2454
2916
2723
2764
2816
2744
2688
2644
2434
2508
2516
2438
2427
3011
2442
2405
2440
2850
2764
2485
2537
2534
2555
2947
2761
2574
2527
2527
2868
2606
2412
2506
2545
2405
2466
2758
2533
2492
2866
2445
2454
2807
2433
2664
2409
2543
2965
2477
2513
2557
2403
2447
2936
2586
2607
2435
2899
2504
2569
2658
2711
2447
2402
2581
2599
2529
2948
2634
2401
2621
2742
2452
2442
2514
2641
2410
2437
2664
2443
2623
2460
3011
2606
2552
2536
2854
2558
2561
2801
2492
2524
2738
2619
2475
2495
2734
2826
2502
2512
2523
2463
2675
2579
3011
2525
2601
2654
2514
2407
2456
2736
2525
2606
2918
2502
2432
2635
2509
2573
2773
2405
2886
2693
2415
2589
2425
2471
2404
2795
2883
2489
2911
2605
2434
2499
2534
2867
2415
2764
2896
2590
2409
2516
2408
2821
2678
2695
2666
2693
2468
2493
2415
2426
2410
2831
3011
2794
2418
2640
2489
2406
2655
2591
2506
2693
2472
2504
2475
2464
3011
2430
2639
2701
2621
2500
2627
2778
2544
2817
2644
2558
2524
2546
2876
2474
2711
2665
2493
2869
2498
2580
2737
2844
2793
2557
2448
2436
2721
2420
2632
2575
2612
2475
2469
2422
2738
2741
2445
2533
2506
2443
2594
2955
2519
2804
2462
2691
2470
2483
2429
2802
2547
2428
2504
2484
2776
2621
2646
2424
2450
2606
2546
2875
2800
2529
2420
2713
2426
2532
2751
2976
2539
2437
2603
2558
2449
2524
2663
2502
2411
2589
2859
2536
3011
2611
2558
2827
2713
2720
2459
2630
2779
2559
2569
2422
2586
2459
2695
2406
2795
2519
2450
2517
2405
2410
2524
2589
2524
2445
2553
2491
2626
2584
2582
2817
2525
2588
2410
2422
2401
2590
2707
2409
2637
2995
2618
2493
2435
2936
2419
2473
2485
3011
2421
2498
2533
2932
2766
2721
2647
2896
2429
2637
2490
2526
2695
2502
2462
2516
2486
2670
2471
2624
2405
2580
2473
2800
2433
2420
2404
2452
2469
2706
2553
2843
2742
2676
2919
2736
2531
2416
2604
2414
2418
2438
2472
2422
2437
2702
2685
2533
2505
2628
2751
2418
2475
2650
2785
2824
2589
2748
2975
2689
2621
2438
2836
2689
2711
2431
2402
2429
2416
2536
2640
2479
2497
2485
2476
2836
2645
2877
2539
2806
2492
2533
2563
2852
2777
2456
2599
2509
2605
3003
2751
2421
2507
2717
2633
2665
2477
2438
2495
2447
2455
2807
2614
2421
2790
2570
2589
2747
2629
2857
2510
2461
2556
2416
2530
2686
2787
2487
2421
2736
2402
2609
2560
2487
2502
2569
2630
2624
2616
2667
2706
2403
2807
2553
2969
2505
2651
2524
2454
2946
2402
2572
2698
2653
2551
2433
2517
2669
2689
2402
2598
2860
2408
2923
2671
2616
2948
2534
2492
2427
2987
2626
2703
2706
2584
2464
2415
2511
2532
2439
2485
2413
2556
2466
2469
2794
2755
2929
2770
2662
2556
2469
2497
2561
2447
2565
3003
2531
2536
2419
2504
2404
2955
2495
2607
2553
2632
2628
2788
2814
2560
2469
2719
2850
2499
2480
2461
2678
2859
2434
2518
2865
2424
2529
2480
2540
2462
2500
2786
2472
2816
2542
2520
2651
2451
2450
2642
2714
2670
2486
2479
2815
2657
2443
2822
2876
2691
2555
2451
2533
2519
2431
2858
2413
2503
2477
2538
2803
3011
2461
2437
2630
2419
2617
2543
2870
2492
2936
2592
2435
2495
2403
2666
2751
2407
2414
2475
2806
2489
2559
2801
2485
2635
2681
2780
2556
2758
2524
2569
2586
2781
2631
2563
2519
2422
2752
2438
2663
2864
2577
2819
2744
2736
2786
2464
2753
2413
2993
2454
2439
2481
2443
2476
2619
2461
2759
2915
2413
2770
2496
2739
2735
2517
2538
2453
2987
2622
2601
2560
2444
2411
2767
2486
2872
2429
2595
2470
2529
2450
2440
2580
2868
2428
2456
2889
2430
2539
2466
2485
2439
2498
2436
2548
2452
2797
2429
2483
2836
2513
2946
2765
2549
2489
2648
2666
2490
2577
2786
2508
2723
2564
2585
2530
2448
2716
2582
2795
2602
2548
2520
2768
2426
2446
2405
2583
2727
2426
2885
2444
2852
2499
2979
2564
2536
2956
2790
2458
2444
2564
2703
2478
2591
2549
2410
2521
2481
2851
2443
2498
2520
2661
2656
2428
2896
2459
2786
2459
2563
2896
2480
2478
2906
2930
3000
2463
2733
2405
2684
2494
2485
2436
3011
2500
2687
2491
2412
2427
2715
2692
2500
2842
2551
2623
2490
2679
2506
2553
2742
2473
2412
2521
2674
2573
2704
2750
2785
2454
2424
2411
2608
2895
2405
2733
2453
2406
2648
2846
2942
2510
2428
2963
2500
2469
2793
2531
2786
2472
2416
2449
2467
2627
2836
2481
2446
2442
2597
2505
2432
2843
2503
2597
2870
2650
2519
2643
2404
2663
2956
2647
2470
2408
2463
2963
2501
2417
2480
2423
2540
2445
2443
2433
2444
3011
2731
2485
2546
2479
2567
2552
2408
2504
2467
2435
2504
2489
2565
2742
2434
2729
2831
2587
2801
2423
2538
2409
2456
2667
2567
2461
2931
2508
2796
2418
2840
2543
2920
2761
2879
2756
2760
2841
2602
2775
2581
2502
2601
2911
2450
2773
2584
2841
2638
2404
2423
2409
2815
2567
2726
2632
2798
2415
2593
2844
2575
3011
2404
2402
2511
2748
2631
2715
2447
2714
2599
2576
2819
2415
2469
2912
2957
2802
2621
2475
2482
2473
2651
2638
2801
2646
2508
2700
2468
2435
2754
2715
2484
2620
2606
2503
2724
2576
2447
2448
2479
2488
2560
2404
2594
2706
2655
3011
2583
2616
2445
2465
2403
2681
2547
2492
3006
2437
2587
2427
2825
2401
2500
2625
2810
2459
2544
2444
2419
2466
2574
2516
2533
2573
2665
2434
2648
2518
2620
2688
2452
2414
2665
2495
2443
2416
3011
2435
2411
2544
2577
2546
2418
2541
2459
2516
2865
2413
2955
2426
2517
2504
2427
2704
2704
2435
2490
2410
2738
2903
2514
2524
2417
2420
2618
2653
2793
2587
2615
2590
2930
2679
2978
2664
2469
2403
2457
2419
2767
2737
2410
2883
2463
2616
2675
2856
2802
2498
2678
2498
2567
2448
2424
2407
2543
2876
2477
2528
2540
2416
2899
2790
2401
2648
2478
2447
2736
2634
2630
2481
2688
2629
2464
2542
2407
2792
2832
2699
2706
2451
2609
2674
2442
2597
2523
2533
2599
2743
2581
2458
2509
2503
2429
2452
2950
2632
2648
2624
2509
2478
2582
2511
2624
2593
2653
2599
2445
2841
3011
2603
2663
2485
2573
2559
2853
2454
2415
2701
2472
2608
3006
2552
2535
2513
2445
2401
2755
2414
2898
2448
2686
2577
2498
2464
2573
2881
2495
2735
2466
2831
2401
2449
2576
2662
2499
2498
2456
2656
2428
2594
2701
2676
2618
2485
2548
2847
2841
2539
2428
2675
2563
2467
2586
2579
2455
2484
2792
2846
2653
2679
2533
2498
2486
2501
2635
2684
2616
2605
2553
2465
2695
2519
2580
2457
2484
2408
2441
2801
2835
2864
2929
2523
3003
2605
2971
2466
3011
2475
2803
2488
2826
2464
2516
2506
2412
2570
2453
2476
2525
2594
2475
2618
2884
2426
2473
2915
2474
2454
2531
2480
2599
2454
2443
2461
3011
3011
2581
2524
2803
2447
2582
2417
2510
2423
2510
2401
2771
2506
2522
2822
2663
2477
2987
2427
2584
2611
2407
2416
2547
2551
2517
2631
2519
2549
2801
2803
2401
2718
2454
2410
2716
2421
2669
2799
2818
2656
2419
2871
2493
2513
2658
2555
2861
2573
2612
2628
2795
2875
2456
2674
2656
2540
2979
2782
2716
2804
2599
2406
2412
2449
2751
2473
2761
2484
2438
2555
2799
2473
2837
2783
2774
2595
2443
2554
2481
2853
2771
2405
2421
2408
2531
2431
2745
2456
2760
2870
2767
2671
2560
2791
2425
2871
2826
2706
2693
2461
2786
2864
2483
2849
2505
2422
2534
2778
2411
2501
2407
2508
2645
2504
2457
2475
2418
2627
2459
2841
2418
2421
2492
2566
2471
2845
2856
2518
2413
2407
2748
2441
2559
2711
2947
2417
2931
2602
2521
2609
2645
2620
2899
2616
2407
2478
2483
2749
2596
2444
2636
2432
2694
2769
2718
2665
2478
2906
2782
2463
2496
2443
2501
2855
2907
2485
2746
2593
2747
2462
2489
2671
2447
2433
2434
2453
2402
2437
2420
2450
2525
2576
2442
2681
2737
2408
2506
2404
2646
2999
2473
2578
2991
2535
2857
2471
2427
2894
2465
2487
2459
2703
2435
2582
2665
2836
2853
2747
2629
2599
2477
2779
2587
2416
2459
2786
2423
2486
2459
2731
2467
2555
2418
2520
2537
2791
2449
2706
2514
2839
2761
2445
2448
2499
2741
2409
2701
2516
2678
2871
2554
2853
2401
2412
2465
2589
2954
2518
2509
2413
2439
2522
2562
2438
2445
2434
2401
2416
2827
2534
2404
2533
2472
2574
2709
2429
2585
2762
2569
2632
2507
2411
2491
2534
2728
2758
2484
2550
2811
2640
2413
2566
2577
2419
2487
2627
2501
2489
2606
3011
2690
2816
2413
2415
2483
2570
2677
2416
2753
2484
2666
2657
2644
2457
2620
2981
2553
2513
2691
2483
3011
2474
2600
2415
2464
2407
2886
2576
2435
2739
2417
2433
2635
2454
2434
2615
2611
3011
2701
2888
2677
2758
2454
2795
2821
2510
2545
2493
2432
2431
2819
2655
2489
2447
2524
2682
2411
2488
2903
2420
2407
2537
2582
3011
2778
2641
2405
2477
3006
2945
2560
2546
2470
2695
2692
2450
2574
2963
2404
2449
2909
2401
2469
2831
2616
2617
2694
2649
2487
2457
2737
2599
2933
2410
2687
2734
2811
2774
2789
2736
3006
2494
2558
2451
2514
2896
2552
2897
2455
2841
2812
2462
2511
2619
2408
2408
2744
2509
2551
2687
2885
2543
2827
2566
2475
2738
2961
2705
2548
2559
2445
2492
2826
2426
2809
2467
2570
2743
2640
2452
2719
2566
2771
2478
2483
2517
2565
2419
2514
2778
2492
2541
2799
2863
2801
2423
2612
2428
2553
2610
2459
2543
2467
2627
2485
2559
2468
2757
2487
2450
2795
2605
2718
2535
3001
2426
2821
2714
2518
2421
2441
2516
2593
2479
2596
2588
2625
2433
2672
2547
2443
2463
2448
2464
2425
2463
2408
2424
2515
2448
2409
2842
2427
2431
2881
2477
2425
2561
2491
2479
2509
2506
2607
2544
2424
2450
2404
2416
2407
2833
2628
2402
2556
2866
2552
2462
2564
2876
2703
2839
2478
2421
2480
2402
2413
2624
2772
2446
2519
2648
2407
2656
2522
2608
2459
2921
2441
2971
2417
2883
2427
2708
2456
2511
2701
2739
2403
2624
2440
2511
2499
2622
2438
2419
2550
2483
2707
2577
2461
2901
2445
2497
2705
2651
2459
2819
2485
2488
2649
2425
2645
2714
2615
2805
2626
2639
2447
2551
2871
2481
2482
2562
3011
2779
2644
2483
2512
2452
2905
2553
2892
2512
2934
2694
2574
2413
2908
2409
2812
2589
2641
2605
2710
2719
2718
2567
2624
2523
2523
2950
2655
2459
2595
2528
2621
2434
2625
2669
2864
2473
2813
2532
2853
2503
2418
2658
2402
2852
2469
2431
2575
2906
2460
2436
2476
2676
2511
2638
2476
2415
2579
2512
2441
2734
2582
2705
2465
2827
2493
2515
2571
2847
2813
2404
2640
2961
2620
2726
2600
2616
2432
2465
2481
2773
2790
2637
2841
2961
2524
2583
2663
2599
2544
2685
2803
2558
2654
2564
2575
2455
2881
2507
2461
2595
2402
2517
3011
2558
2566
2979
2437
2895
2488
2648
2991
2515
2966
2469
2501
2653
2430
2431
2429
2762
2865
2463
2638
2426
2528
2420
2519
2406
2432
2472
2624
2513
2671
2495
2719
2592
2722
2695
2820
2886
2728
3011
2459
2413
2655
2821
2409
2582
2566
2678
2898
2463
2433
2560
2586
2652
2405
2425
2796
2801
2401
3011
2971
2442
2402
2485
2851
2686
2420
2602
2621
2747
2426
2597
2978
2485
2634
2558
2469
2475
2406
2535
2663
2637
2570
2437
2467
2791
2425
2674
2660
2499
2609
2455
2592
2703
2660
2536
2450
2586
2437
2437
2403
2424
2707
2423
2458
2478
2443
2580
2534
2574
2450
2565
2444
2589
2499
2460
2474
2955
2453
2462
2555
2538
2827
2976
2604
2575
2574
2474
2688
2414
2529
2722
2596
2670
2430
2401
2952
2507
2471
2432
2403
2448
2455
2524
2953
2517
2493
2496
2411
2444
2467
2501
2647
2448
2681
2707
2434
2584
2715
2468
2436
2566
2526
2827
2687
2502
2505
2657
2814
2596
2857
2425
2519
2422
2516
2430
2480
2602
2727
2407
2530
2540
2991
2927
2636
2684
2655
2853
2732
2520
2843
2719
2598
2483
2669
2658
2606
2668
2644
2641
2682
2796
2445
2460
2837
2408
2630
2401
2470
2658
2713
2549
2713
2560
2529
2659
2538
2850
2438
2421
2469
2899
2691
2635
2488
2497
2819
2411
2799
2506
2695
2836
2641
2733
2483
2671
2560
2612
2615
2401
2804
2546
2656
2475
2419
2464
2915
2635
2412
2965
2660
2730
2580
2508
2576
2879
2579
2568
2666
2676
2458
2563
2502
2588
2767
2482
2804
2497
2488
2468
2950
2517
2579
2430
2889
2436
3011
2518
2658
2537
2438
2911
2643
2641
2780
2403
2581
2596
2506
2583
2625
2511
2523
2816
2510
2688
2516
2611
2778
2583
2935
2736
2565
2650
2517
2881
2570
2461
2982
2585
2428
2581
2579
2487
2442
2515
2600
2455
2856
2470
2563
3011
2549
2519
2476
2554
2585
2437
2458
2833
2498
3006
2515
3003
2521
2763
2792
2559
2488
2822
2426
2502
2769
2763
2557
2587
2566
2523
2487
2825
2661
2486
2817
2968
2730
2423
2506
2458
2423
2499
2717
2440
2405
2427
2809
2836
2633
3011
2550
2551
2535
2455
2624
2573
2478
2682
2402
2650
2406
2422
2820
2891
2484
2414
2688
2517
2474
2542
2482
2440
2534
2769
2751
2494
2570
2451
2477
2736
2678
2811
2679
2471
2401
2444
2422
2411
2425
2826
2560
2448
2454
2402
2851
2506
2406
2551
2465
2585
2814
2542
2804
2584
2492
2931
2593
2754
2761
2806
2413
2804
2566
2486
2514
2602
2704
2750
2409
2887
2791
2459
2799
2573
2419
2424
2680
2553
2447
2461
2436
2741
2567
2492
2436
2864
2544
2446
2681
2618
2678
2718
2473
2418
2530
2405
2991
2938
2881
2530
2856
2488
2416
2424
2930
2637
2896
2473
2456
3011
2555
2756
2632
2447
2625
2590
2601
2693
2768
2468
2506
2582
2779
2509
2472
2582
2505
2429
2487
2874
2499
2468
2408
2843
2446
2421
2531
2477
2801
2461
2415
2614
2403
2509
2440
2846
2417
2404
2491
2591
2444
2646
2466
2873
2762
2417
2621
2651
2518
2553
2499
2688
2582
2419
2592
2526
2884
2499
2709
2412
2449
2641
2697
2613
2525
2445
2557
2610
2532
2471
2762
2603
2528
2799
2890
2446
2436
2525
2526
2572
2479
2592
2479
2570
2679
2423
2431
2495
2647
2564
2600
2772
2556
2414
2659
2485
2947
2520
2516
2659
2683
2624
2521
2516
2532
2971
2500
2521
2434
2473
2474
2475
2528
2576
2537
2401
2703
2613
2606
2765
2417
2554
2464
2439
2588
2821
2412
2917
2560
2637
2436
2535
2466
2764
2636
2434
2411
2611
2480
2544
2712
2447
2463
2746
2995
2661
2832
2462
2730
2415
2788
2869
2571
2711
2511
2447
2449
2729
2498
2417
2593
2520
2620
2610
2670
2801
2987
2464
2457
2412
2461
2471
2631
2485
2760
2603
2703
2552
2596
2445
2460
2786
2814
2421
2621
2524
2413
2781
2506
2543
2659
2837
2613
2559
2484
2934
2437
2654
2504
2516
2875
2717
2505
2622
2476
2523
2810
2581
2462
2656
2811
2676
2541
2513
2736
2525
2445
2609
2824
2444
2779
2803
2511
2433
2626
2448
2450
2636
2811
2421
2469
2465
2987
2807
2489
2514
2538
2574
2586
2955
2706
2811
2687
2759
2594
2598
2544
2444
3011
2446
2483
2492
2401
2427
2468
2884
2647
2584
2435
2415
2698
2522
2945
2595
2533
2814
2454
2739
2429
2402
2663
2827
2818
2438
2603
2515
2781
2463
2995
2867
2601
2601
2418
2549
2433
2443
2654
2497
2560
2456
2578
2578
2794
2699
2430
2579
2616
2414
2887
2718
2679
2845
2595
2571
2428
2417
2599
2505
2547
2405
2775
2616
2633
2869
2734
2759
2491
2601
2433
2831
2860
2452
2573
2734
2514
2580
2757
2877
2554
2430
2501
2453
2568
2755
2660
2477
2706
2403
2662
2409
2478
2736
2477
2634
2435
2542
2720
2615
2437
2472
2605
2961
2524
2467
2488
2409
2408
2785
2848
2792
2405
2660
2504
2453
2422
2578
2754
2912
2658
2697
2927
2491
2538
2553
2722
2585
2527
2618
2404
2484
2616
2626
2552
2481
2466
2465
2805
2780
2700
2668
2611
2442
2756
2696
2618
2447
2488
2449
2981
2484
2546
2439
2976
2808
2673
2609
2450
2503
2531
2625
2879
2693
2611
2573
2844
2432
2474
2745
2967
2420
2609
2563
2450
2768
2510
2434
2450
2668
2446
2732
2472
2754
2469
2456
2410
2445
2503
2586
2513
2556
2447
2401
2672
2577
2534
2627
2471
2819
2523
2538
2448
2567
2483
2571
2805
2406
2468
2442
2900
2622
2708
2537
2689
2828
2486
2493
2638
2580
2669
2498
2823
2881
2710
2762
3011
2502
2669
2861
2403
2413
2531
2588
2825
2684
2577
2951
2531
2405
2851
2499
2554
2530
2696
2838
2619
2842
2454
2811
2446
2433
2452
2523
2752
2504
2453
2527
2912
2461
2537
2549
2484
2697
2851
2503
2501
2493
2440
2451
2440
2732
2788
2581
2501
2568
2610
3011
2584
2902
2708
2503
2781
2423
2438
2485
2884
2739
2432
2891
2765
2531
2536
2429
2497
2439
2691
2428
2450
2586
2823
2545
2401
2826
2948
2597
2593
2909
2545
2499
2721
2649
2598
2632
2417
2534
2487
2589
2428
2926
2584
2505
2442
2446
2836
2642
2643
2453
2756
2719
2415
2657
2675
2401
2648
2480
2443
2801
2691
2445
2643
2582
2631
2416
2833
2822
2429
2541
2410
2543
2921
2521
2515
2450
2588
2745
2598
2546
2546
2797
2550
2445
2442
2973
2474
2465
2684
2971
2998
2532
2873
2592
2564
2504
2592
2941
2587
2443
2565
2431
2439
2745
2754
2861
2579
2510
2979
2583
2683
2491
2538
2615
2557
2525
2973
2454
2539
2923
2753
2510
2754
2781
2481
2710
2812
2606
2468
2654
2737
2709
2474
2721
2559
2433
2472
3011
2410
2423
2742
2552
2569
2422
2526
2848
2466
2638
2874
2557
2506
2444
2818
2488
2728
2461
2491
2827
2569
2405
2473
2444
2642
2729
2429
2754
2590
2921
2544
2405
2477
2624
2642
2717
2701
2792
2575
2962
2775
2539
2472
2430
2491
2714
2504
2654
2407
2598
2445
2482
2585
2703
2417
2642
2404
2674
2936
2420
2421
2696
2794
2562
2647
2517
2929
2465
2422
2470
2945
2616
2455
2886
2729
2444
2670
2481
2481
2915
2737
2619
2877
2951
2496
2525
2473
2491
2800
2684
2658
2947
2740
2411
2756
2798
2435
2469
2467
2537
2550
2436
2494
2473
2526
2526
2572
2590
2667
2889
2806
2442
2498
2428
2584
2505
2785
2566
2483
2620
2660
2517
2885
2532
2428
2459
2612
2874
2794
2478
2408
2648
2912
2441
2893
2884
2519
2523
2644
2807
2687
2481
2410
2484
2564
2461
2406
2424
2806
2481
2502
2638
2662
2651
2675
2501
2524
2407
2628
2583
2549
2427
2422
2615
2413
2707
2504
2741
2467
2619
2911
2620
2860
2521
2524
2473
2465
2963
2453
2540
2487
2670
2508
2481
2468
2454
2440
2670
2697
2482
2663
2494
2414
2589
2411
2616
2401
2464
2483
2607
2724
2791
2408
2428
2881
2423
2453
2979
2580
2441
2636
2740
2766
2578
2748
2653
2452
2694
2458
2591
2572
2518
2765
2427
2780
2696
2558
2473
2483
2444
2409
2418
2688
2816
2597
2522
2911
2417
2462
2628
2503
2501
2768
2682
2956
2411
2652
2504
2405
2573
2532
2534
2717
2620
2736
2551
2986
2454
2540
2564
2747
2523
2417
2753
2709
2500
2452
2427
2435
2411
2655
2444
2512
2407
2440
2630
2669
2541
3006
2608
2820
2659
2675
2573
2883
2643
2443
2979
2937
2909
2883
2571
2636
2457
2446
2794
2571
2594
2401
2424
2444
2601
2689
2528
2664
2853
2805
2491
2536
2401
2451
2504
2426
2472
2402
2432
2457
2448
2503
2541
2455
2513
2506
2503
2517
2541
2419
2883
2957
2502
2592
2708
2478
2473
2468
2596
2799
2503
2514
2419
2443
2919
2695
2793
2957
2404
2602
2554
2909
2564
2617
2546
2600
2527
2727
2837
2472
2901
2693
2458
2466
2944
2585
2604
2580
2572
2657
2433
2720
2643
2623
2577
2419
2405
2740
2527
2518
2632
2937
2716
2437
2476
2843
2712
2563
2715
2755
2785
2557
2435
2744
2463
2842
2584
2658
2549
2636
2553
2427
2540
3011
2543
2612
2724
2539
2476
2653
2548
2479
2515
2453
2603
2443
2462
2822
2938
2691
2616
2712
2436
2535
2604
2453
2491
2410
2661
2578
2528
2458
2565
2686
2817
2454
2513
2590
2467
2603
2466
2419
2460
2544
2540
2513
2502
2946
2693
2565
2469
2850
2696
2712
2681
2865
2428
2868
2453
2443
2899
2414
2436
2534
2581
2625
2532
2723
2417
2743
2685
2446
2595
2454
2478
2559
2746
2731
2454
2581
2417
2745
2482
2457
2481
2995
2624
2481
2557
2566
2718
2451
2472
2865
2761
2906
2649
2807
2408
2451
2867
2508
2484
2411
2738
2865
2507
2512
2435
2886
2479
2585
2459
2790
2705
2546
2414
2842
2579
2439
2522
2922
2731
2411
2420
2653
2579
2498
2471
2843
2458
2967
2558
2769
2439
2631
2559
2468
2579
2875
2971
2544
2941
2534
2629
2493
2547
2530
2595
2601
2995
2406
2712
2630
2413
2598
2511
2686
2653
2793
2575
2460
2417
2717
2472
2642
2478
2631
2671
2481
2936
2801
2556
2662
2478
2404
2514
2432
2581
2409
2402
2682
2470
2425
2668
2418
2578
2437
2693
2662
2673
2436
2678
2566
2424
2625
2798
2505
2466
2907
2412
2484
2442
2546
2735
2432
2665
2407
2473
2640
2527
2497
2452
2866
2479
2408
2435
2610
2598
2434
2435
2452
2490
2536
2900
2993
2623
2590
2772
2538
2620
2566
2528
2539
2779
2721
